609743520507644993558575398342591443567271529471595907797874462831946482337810479442983687
977480811607295538530273795696991548845264305801755678960354330855356561603358323298550638
641608322392995634997457448938674602726266383277909451935734425993609556612777451514859765
911638549855395607995477608692619563812347721693792558573660876911490554712912621611781494
263902372486847509929962330474274332962868919266812936529309659916318860556315291648996686
391611782663871826723485936538441922468822278415714695902482602300291605460308619380653437
992737946643737476979605904632694303419775303919840859298389273369774281793293462685445327
826552577379372949985657751897377746954741355266757754508760694332793830418312649973836981
404810499933465818559790417995810748746270834406413724642882665726871293644596294778321518
316489268862924693833792387559565529873634351428369619832868947763944562893780880865804367
556730366989423607795797982880826480719490702901478578277675634717432413832328799708275521
421926875448939929290432488959665562560974680727485394599712406678968492340752722836404469
760464261603484744888963656344550460852665722985710790669472488416620840469430371415919612
785722409694663558863624791733981256357631977795886955938446485290301256365967466800783934
826489734619742551918712347372762315607469696827816669456771942388383447826366664880713607
972947552939844691826632685883803597675351904835563544332896981885264898931866961714342265
499953460267479343339704483427839616360738570889901868858974445961475632600689410352570809
621958710392820411260878786680712610793700454719511400547771818791269371567465733409785795
564338973473846893338855988461322616582302464392417568622939430423587314489739456648586366
463408922733370605704598777685850502711392998477939790430957568846952787259646964605705880
990677636530396974945594753896926431643446459598474855864949948959708270931287589758760866
546857664864640723859271690886463298755365545695750588763701459873819451462940860310915730
593711563261828371953745688931462387540393542479793492426424771558509984800473579906404469
986692995450360441318758417476970258774603886843942642314476808785323440799279561795389630
539751749711665799879313568647345780740484989288972500999949751939295823405446965631338647
441331674878312858966869953637358514630823593300946697400956810767260281310673605819791857
540382871496420595848718925799734295423983507798520693529606397599660938883344268430467695
687645806342694342805886468570606863852939803558984362914568919453281758340964486771920792
285769865950721662265932463916701529957756266667618974764979782728814703817877878845500993
433925597927711848733510939288941366513612857558257525997840542274612608285408309575514864
467908337969372305558537269493464595280467920991307393419790761625785698952401346414562393
526820943270497269595509686799508779458715931748872945823277790411471387447531443390486796
372505828930650485961256599831493417640903683790732450750973823897451347707665331693727472
842722363355958691495641282816532350842474266493941326447850850630852847772412545585688574
380608844728579713520895344430715572289972631653491933928944330351792269826762659755668608
485760942717279713484706540637447272956315869964996934746510275370590903606738426922922558
726268588725474754535360639993553439808879969686699602766498256912997765559479514280430552
633637590547423431706975827478847424344377752782308771340543294539436520473856279620899559
507262380278311492784633967903563820714328376604904730336613673400262563782530963916783772
971959917972486956266712873387495705403306398801924588888842685932533468674830893845724480
842989599510679778914564738366733695924532532421796906649753936921365795480666779512459624
924715597364831749387940603484946284890905780779604606946536565600709946544685800404663507
908498852278914852895576749887716928489333695493578308620539820988754726530273822545442874
806480554509741294686860580973570861637940980675572297658804498358584502983563573734897986
600829323564343470323581281930578981867270838813420988729958705902580341784415770777986997
926958303727613260856509535535708682780556994702742968408617804796938917832757497329372630
706784590816365370999506991310960941736402990637897928474277896396437581508317973429862914
476755928811574369837449511722542774421762899587329423586291578529325935773296546595798680
621938587888575681511827868557599506741657738809987931561789531779425659424354943552707884
677544777442579781884685836987988353591767520835260905703987661449763366535836770381685473
353450759340498377941544498809358300367928777590390568968951498268507484897664610791975737
916968680637356979662936977434429677719637959393473975572652890690372766290880346641740558
837401770759321292498468880823918831265419617795670814728575781797833405341737853963952924
555654660546777766814312712282432424494911530983636873845466533561959917890309345559502773
876859799965286974275507358929457758873698669478748911817869557386646733691375850872346613
921384576960625556541442957626386674744392645771354497688745654960744719911284304380793351
612819636905786341285645398913935406440739733539284922750840292922760477359956734986663633
386696696373561451688280281323287815896672656586467615383543941444543593993781878360502885
916612595990837635806725721531712644373402764927725446822939478756381631789355270896588818
938831895299376748564769644387386288798717519599276401520284658536350513806439731706272760
961937427785723360990426471263899518680823823678424550489762921437856352779329910309349678
421941565756699761609262836631452894567590783867548389697552999844346943364687750989869764
772381468313321686801483828311880766357688319588873362787549400721330475411327597316814949
351522860760308610765630925704399894606847829722981327661681695274720580973781603509371993
664629448744673557707749984789472996416418841519614946712450354570465819653323475947591748
674987634933565551662899510272707415761701862875818496750660553640304454475546303782561384
485698714703395464722901299404724737359467490813593947633470754660494986854988637510661596
834326533672836315825377309473616887603600552510307835479459914920955367923561874294660545
578269830411267605422547843477753660977600614702275256874291780547436644542345555658948323
516753635456780656811692443679395717933341500314390266480550367416942298628432263544492758
802743329944492439324641671723981442642652955503409654572522408824356838319270588972853962
281649630467468257892510381367649348439629612562918868616361393335805453700889573993471939
895257864490376843326698642814756554751273872903744532601422964700637946622297589382818904
594483820502269324693852268441479387888900264662869770653462826372412376850479601718511555
390427733433407961642514362673781701417834804747988478521745813263546582875309439547348512
685743319289349950918984592884604977332906269528758688987718619715697981811666837415717390
798502428452510757482360736852372783636908845733343899318631428404558734829901739516302283
427866926622677861852326633871852576538829863720718853845998612289911941881503554764366285
732795387458576894755569257537285344874374807375299884675883716443808594519983814538461988
711538703718875382519378519452369574621607419587585358876630872498382304739835961425436531
526560300375671914693959455753475519516968464348705293417402770397427733969467724447763848
813892672579809932491569877401922429577680299792602823364569661549568750854260719898847981
548953601739777549989897840290415489930733714953870997841606378506338962692740749778537863
408834320357258552858800447391357927326518983392627367455491981931268843632316495913345691
776562548558656605515540707644637565415356495369347606764520463591479807422350400327518549
291867457721352939358409263688451426833417407854402782439643343389640728535507893578786803
474304621919389884591500990754600983556793974486650298798847978311806259346297408771375386
358822388563657877514858940643446511865349528653989780280663339881776387533627766687619713
581318839851441736576810431869373548830420819964777537297379529333608288950999905552617803
387377388473381576994955943644837404706456906571772863946932472943754736891815881937644646
962958452503579799417647570257931897694964663662636289417872660801660735605521597312312872
759312541257886985597814793886718887456638535822542703694454820552460760608732886331355829
882806746364957861573274685276295911644895259825748378366957679783645294688477921512885326
341516413690931633893530594899496767336948958303691403786261463711494286749619562730513268
356866267598770476529730929983361311862777648595913770681764802363732882413876782917413442
950789941406299633289359359256358815629504542640370753290972610722487549846968602755431612
384595560639334268683645520465532678888504749714600964799530728355912603332800640647818629
856506809890629974775680805470510717564705855911562716779502903282540841852568839807681826
298440358589539318634859613712668782949891406772784473998588529901446384883540474616432494
800403805746646275669887341968935636332574310861933270954775393669961485334920944289499758
996720290660939571646300260376621767476745272787857279884915628392668944297865902823759709
923654950457527917300645909354438905713350395371442678688682694630460831296630661346403921
498939543904414843333312865876772609489570896967296792270333863333553267607750854913923911
367465672525389819607492459529366993900463842895872539397899321378798422891832528780363438
883509732551307755651833456671805508728619816446279330578515908482427405547282806905453350
953653444420374274499976759645832978812287338287339586775585425263845728986544299979409939
802647347923449882795525724295401516787427777556625396453459624503997580754440720257795906
374306310328640531733643324514539963724524672942382906923365652901389531687692417630571282
962486928477278340897858589411412452724781512745979624379509966945932711862683971645456360
347314941371287955844741355315915535949681890572734884624597752459587758990967464925705909
409966761579831567713594394694321613586366977256994681354827626876540353352476358610272997
273677707788443621372487631600386863306586461776336919812635507640526894831265886476951395
298419726815381501587514292686311270680801291595871915742843331477675751952947500677904924
875329428922862307896454847765874309303367258980956441791356369464340800264835412856314356
628547324274794879451315509423634913702684806714370543369432909688508317966733361369459304
532376935809969734849332673996711293593555801910467969420456534399930596520548397578472859
628846918888452594321859859259268734954930554551784334590826741890735397798797401606493911
651820996660942298279750421340604540808758259771632696391467584408337274734840595985571614
674387844605464649915592715631345765496334994288494785296554465388313851772490440590647673
352693920416413735437315324941402787798449657884808782922697592483402523385598575353504448
314973355472499368828402501508830419861618712616918313646706358597598604991651398820978428
871869690603591270596388355634982416513902802689727614268517635901270507766712739334358598
695602258610798271992977434688839944491689956495285762905740948855881466620886496361579276
780479548813287779657542644407279280535626341795378519613993856805828941414267356328358633
566889754266848476871876826643910984906353516989969291348797679334806357852658785679321904
787878487305656710441333257976636418568515280400851333781268774319951337612592764354920257
398284953854657753582932411762454380336997799996835485695267386527293337938948445487970476
343550557421803813665993457483524279947916444430692498575716785316317659564944568965930566
868653351679608795307297538830330862329914787748541669378861726907926895437562331814258906
481901341447921289876771381825613619852507433386856282487610622691925422633513262409831854
432851273780689294763454829652275594833944968400259834373816328464375451554443702612969790
975592478714465799542397551299881693356522990258256927434616285397392379466298991467508911
885824898717868690330676884547376515643292608805402890712407917435878285833726778333623943
692895841904484581995406810968594882368354351351814632751360530512791722336436606340587301
448885828738779433310365928486549510357589759765981611919328927733725705475690916390356902
581956941885998936270945551447361588308740802520639281840894837695984307772307402551427332
283344595411593351571622700491803958740597861533840782623752516296440316329365393750628950
268861423582508346588890898549952856848779868515338896635751499632587292482482563950779580
627341262707375542585491737946740289707822848446885546680922313747772340990583732630322554
792309759743363590698548519741810299823842965787995779480615887622332936681380586336521671
725447795762948283325567776935880480558280387724276863594944271817875970560404868385630358
970516583271712873288814302542587846302326674458615430841655310432386570298413275890276575
980987699544729515509858565825879958432942284330958717819386652712880474725921545498589281
671434965920662763350708863385275455328708840340507612901549754574706443526432657353962517
360438946544433682969896941782289636751736964428438439295675459754885343498684736337404441
476534470322521886988334883663775376647608559783820779693739998409263873620642393501326626
359538883865858466715811714348486985722576923300502390375909433807382530530525433480475870
853583612828660266704939339691992425296913574614873358623573553821961941598970907920467276
307365300686644364859256298985410781855739333695775718389423373579895954947774707946493622
801923385698352677707490778692854334863257455387852568607682532642449289905459432318557704
289413422811791546453787407274507752795696427914994496289471287846298386361580829873545430
380469616907841475775719989925451305690831405754410632387807835698275298256873638891394299
449503572326959355975735762595695789862727983916720261478416998922800499763461426542767695
703432402793923285739811386272818680950912866945927627367611579465471986559591613683575281
290421371367561484766543266356491836797901584915452266265941775381821892583325497640937716
692658826316772272702386809425397384733734665568544922634949939883415737784396671735628661
685397918826846999307783874627686506886424905405276756560934917290333360383604517325914279
401359604261903589305461771350755749411442415596672750814916464379677742335954497960971753
595672929895677854848427992943506953676745536713522522773890474891945838716886962940786374
896444262710694887740743497953371358396614601789259829798664691587742870782756551710857915
943415625742365298383777525666545336495281366977784404924704953868964615957802942771345393
959673693821834703813951458690643422519828727721541933379802785717849584489334504724698292
796753913744359816742607728526406710774417554603324302352847692707369484706755689667442541
612959975908876390862600964444603784402602275418391659470332808283448547581780766692955568
856733512623821590533996941808597817941265933456464725784748528891999367908883259450381336
961360632272618897840406529724496654443315325739370783387553632699445811741397757283603936
278477933808389676629760506805369504414734466508376445910556967320996439356827424578850815
870581536928621882385578481766565481969549336801416713476916573651397398368943381960312490
961339943276987370686922856896553736320917693768333705627388868594263773891802548909605315
764710439605371364314852549767289523559620305699510629543777785967725536592294738314798310
498791412904536663570711539563899321594375870795691427400685984902357439879634393762667257
370420759551481341969868515957539940428285548940298318607384422577816538699762774481609407
747274474295876338361813388384797956916559935862589753756577637608469935764390654587822433
943749427989479891595296805823753811436658852376720631355263956939291414959265511566524807
475614406730266902998434830703628377731347562921375970806827873681698538859339735941756396
263633948857283716866904464391297650268741449761856786570717929875984782884995289541356508
982678850537690831597724503804814470513638346680465437631896258841926804643585750390877881
373285387892625930712351466329385499719503573884398310945981850400298987823875696763476822
787443526755496332745274429618888987426588901279289568773680263628373741643925359645604738
278520637961623870513898415824384444272358412940702309542978259561499485573700548956931457
814700424283592763854510299416475415692837562956605935802546848662576861460539475558462270
288878860817683432626800810900564269495813417851910377311639907779822435658297806317997486
374698796836621645722925970445915749266574503616857315456323345670599464348389779930422479
457619592982783410279950673911505926324760892746681995823515550922476768379982673812915485
421873682557461893950827461506408706559748963879510997491465294603471452783781655637482310
788491895266648557998343544923336528481976704987592716654301975994539884763450957350923997
343818833465824722731664265898426493362352286619686343932891748493532907703334810594541263
616783642891373465403269442782843790363845759745859785316800362845903886567634527265316472
834284892350444337451860585622811927364535972333902712434900282825924556425509894445287727
972785300879644406268576891788569967271922845540643494396429593823926651653963988542552617
908821867280563669890921577724525529690849386279339397834467340651699962455316953838311969
276286558683989299694767415957454550575338282278613499408588390521301814708343780853782559
900407704962338685756596607364532925936651789958937757692860380659461569694299433813894467
688848388577760547505810423543928697353558340578966591278553983346724551684348878630496275
850562336955644548700937585966704524807264428792939867439989795564765505659637755536412411
478984723804687752713838861929429743344533390651629626950796714337274698430307415452700331
506872981921490310408772354264616474698837577458496631435864831785859462263913901863700581
587424440438671972853522653957786411476651572943840538994872908600847526522824583938994654
866281428951869639938397522820363325414622668850839815624526852645890586309269896895733942
917625984484260375620315336659377274667553413614633609486760767525605672833841711809665476
730887758528383299419507369408361518384330559809825296954889911834472517547945865664877681
325950643819633668836389507548551767260985406983929963564526997330643969461831592974518336
476986729776323598287849267592783998945853951777471853605510580329459618678542361556327952
890764748722340825797555365262770689753304446632948904466428761666515257364880315355744609
735889286343943492846990650858888522459632936620744912652502770286589687754720517451624351
887291898659464930915448320695766305668721372942340371509885881291844984585334940513868331
665476436730835996421607910643696330335523626835408325830383935323835278971907826291906724
833377577996516313810935776774804836552648486674593869654915510539301473721610475996917531
308660281385404759561740823668905773271475733856660534773920670308698329621669833390584739
859365675641718631577857535595291849725888621359481610383782405690444891424339350344827390
779292631900948522691351368288371278883608425318875766449713476500339667793768798946667475
665752547558686995647634322883984730330423622951392547723504693276737805585518971480629455
777765999354566480417836986675803801660344813494817915574715688621344758780492283647925998
416866849713775835362465510495978282375913367407857559532595775615993857426530316783831959
769406571427667887962380616792296904409523892518764978552258914646393898608745930770369596
278558436444580518708647293346445942479549772376447538831464657941779477568495954901286399
953925543599261587568811420532859914824614854539439830314893407580921555570351577911860775
986865422477691642271496834569415360498643754916434930425986920288684337817610545701358297
632315507701965424803391387426813878377495993674312537749952674302974649418634463696641882
988352367322277687891419836874833323469365882319839944907295394918996274505592515850988617
528342889764669765695260485735399611483608374777936616828295522421926592693355369975616824
618481583726397534589763790823623888955886611900497840907928915495294270301721610753446967
330801620979830721572972952996315294822665772792637427656721439824965774870445634292911952
265997662813270870798765697697430336522503450601467649761843422723264603963725430643511662
519654548686409985939607323497437493732859669629869403559393313314685913493699653422347666
896960470903486679930553691940520862689913817391665504327547694396756430958933564533857717
604871791358757932404947686773970960491442901812968864918375933328542965696658569740881514
512751616575532537328405893759383586825792906908295528353489890853941571884558738421799793
906522594858973368807892258356635335858648999760336756768791727998804826618569417869354617
499930420795786447915888365624399595380443411853752732691377302324644933574750847418931947
886865827931969778790534446299615272689275395705505274834395956634696326274282393933436563
768422551652495507799391347509410874734456412878344312488261686465765863614962457838780737
306783373689791665879981390729925295518900404805617458838418694290291357458796705269446791
565952426849584328907597892442742498899464538887497558776718704766513696723508570427745682
308667280393656633373380316851979257357810586299926300983841833883399965373376424424766814
669877533521523882280388718877999710596605589496775522665434493437461684393464931638583631
449599307438340301508496712487482538456420342660762535693982506768551659744552490947956301
297345299903800995631385519403939589659376479478553445924481627771431717308750831518819721
616663841538276727982853442828837723597488620781478361833653308288267757289834394902729770
779467480970447502785734654962266791846289995402505293675418510402458827947353610464257998
561928405971708777441535312511318662364383560322375703817504268975764404347879643413636803
904284760980425319425259394362677483358310744464847849523343713725992881996352613998313378
995698378948952916281932263711906716580303402365581400864277908681957297451697586969538874
746806615819587723521557793430617763621634481385358671804463885374456559347323513875835281
425595350878515574925559844305313534837973870899982669903662914708852261996501526391271856
404501442613557563346426266575271596740530834419827968639296417498453765601273469392550689
346594605958386402261730325660623660453793330594646916290551669458310902655577269795472330
584582685773465883391282855474377359593519954496821833923257418632901736846948338567893538
583909563354770978901894322455293573951261873646741299618518636526932953390824882499907509
729953318723536907762291902952854962733446306615308510603492801474914972480669440963765604
377819680420535741448662599294587728259349738496910696294642556706914455883730907664377318
952351986305995519547696851836768827733903324463316922394751448451401472884417395259550857
948760819613615808368591642853830488282392259934536278932719556397414685471725899492701716
370662462403624534768860448663318259574680803462584726643322505579927936366871337277722409
857552593380796739691897600693851841427377413637528310506257432595488777701413954662666660
686579999471518550934545771984803740317893291720791788912942940880421903491722855760457623
810746638399607396741734363410336827984316279754967636928794931297907854520632527937503997
313977299475561459671337358725427745550675946954443479503518653726456535410737358948472751
875284411530514303632468832705301451657718468640667995497381548984928947837627519783544480
448644555420524996603846730347435573916813497361867532470786520609491741842696467295669746
390862657321576340445344272464866759508598467980464622816626629617838915728596740568944414
600630286558647680774477299467533485318854717909519347533633396380420336574603891956334726
779632259870543777264765788603306905920931666662981678352666922373613316331638846900507999
719779441887629466419417775860512843725933605904834691280850487931847529538367745817714816
582263615596897881279520310859984554719636500353451639498978876359447631430331571643802430
757627905426994560849489286514400539966714908859550463781769708315801722418957561762696891
423394873341520569953517851343414719996863777440305935553755825290969875676397877986719524
395893296561508576612813471403923383684343808403844898540580382267582663984374295488904748
695375997298547442553655880936381311572818907308629439306410327259980594642425337788607966
407760271946758874356869964600570660291748496295390281495275748894746333954917697413605889
671792302998569760552767723635801342427866413835750959818340769918453355293394803649474978
953868753465644807386373814840728756686602373542603431587299381604414766738433536275629781
861883616449404285430472890759911797676739978978351598327933719293745297677407577753790502
270953741841820910431292575759835388918682958986885463607438307331549377810722763906336904
426696360424721552938594609393359397893678610349363916734363668666628339806265332987402793
486359618401599723343389781279535675777447722470880597514262705720742772519327409726751596
357674503829324832449300694285850546688411619674694362860772836535499634330718558359958824
995761899596928604635867746521499304537825681980928570829534458279388740679259734487592712
993563918670461558407998388656301688595653972856685781715556657987830274638707478757322556
821818860723453650429486358317888961868693395383627852806754296401758486588337979890995713
392323841640316668438309449369890677400438392872498753770357649415357802767892367542382868
402923801443349737792795660572621607636859736560581563275585687263547771457685536525892732
725260489439992886795285396705308712891288487518627298530566849741539560758724693640748352
482727636570754986466661508495262541851755641880817852452665938588820593675487838362578599
731701919715679526856401921718434772674272912373692422383999446516342584358643398376689707
333668925386867346549526285398398322382273348660262919282559617568593721449804282854623690
311687880657333477625983908582443379260322670389365686276965933365435867695337506538570662
782512476975300551846832379702949679966365453648978725847375855951825770901372634410778756
554655373681619582893406596515865636609568689387902972869467802827510576521987405788814515
263258779731696420630332801445892649506348734507291809867810509679380716358841692342448656
565700540915592655820842601570693590685747908826456679659606713555817845346413853330769273
447302445632883467375821436464762543969924903447648972708813693292888463833786984350945602
767581910276268422992375993954668573859942638850772680405970484724510568349568473550456302
396604305319852726296890943476448495591363452684841675295563834631725304363414374789501474
779356792953798360598950378296571509393654648449903565378395662437630908952432493573388467
450697596565799952393941307626770928536351928700293603842418355900407614727375547362429531
657337452854785801518269995883924489907999591428790389282666752906823908654322500836968494
694879713947277703580784831786592719842951590864272837702347690888298302587773898548851459
705877987668940535787933572302697465661788940916620495520636963402603973307381916529912374
783495840635779886620523373447694359579786353277881499636859277318704338965804472595515355
610941854274382555839697641782504516613790860974544901798952868283708727312839925597956613
351477841668868580703660484552424297301946321295441606629353940315344667683696316888312505
469822485518653328731506505935962276259983970884903374726907713829754412501497633803460571
817409481776807517686877741450633758846328835540748564288528879288267613392641795690627628
454341658633685815469646808712579838890743530260741363454257342336690475683744909878444951
884659904467595620615881483377908572725281767312971342837995293896755975669936589695933848
368786970660714678455765686278550798387424331622351655376402628744569425562975823916267945
956424838693674461623722317715462583539428813269490258675438755328783434354745582344371929
305516375856810573325929974383377832817569668890576380996299541627511772627900805719843415
618706443668666982413546554671421415276867335975375862895987272500960565627302281680477514
424901578312830570570316654478749348763696828303827545363632837660680582859938605942760573
507924455862963700492624379837325430675494816789741380381427353885725830631997404968552491
537959303652615592922731454745466778545548793256872704950347734581755939508817280903799262
478662475779855463267725913339345325745507551406530783666342961599698837796876556497696790
543841516520758433807840538780560894405621308408379752457628488625590790933642562892410914
257826808434591531995390881558625866409556698616981438749986932991261340392371712496987828
691611892880580829272832494736320663980599897966508523640615908542930750289616796788835583
314638731344379726918799297444971900940441734438764734903258851942376453778592698654677443
772342407284857528450439473357571382502319968284517973859272783331564779881641615639329337
581987460452607581395365950972858748567261320772959261996912690863563695405632291370519496
273805927415789540702491324876871458310903676291630713978378851459368941821524458405877369
828967897737391480564794358566905679324370918765752485336955935269901422506733400405470818
638681411751551271437902343787973618992880461705425354338798674869374570964753819401641256
977545448925331767402638354457514720272555498479605560574493564703837716670750629768392599
878407906977965751262473533270666488294614488657816893777393769747282448499447720856959296
369979811631564755470475288335694758777413642441351554966986689733839528564260275922264463
422273880378836849351911338416666748488350517865660430664612617473411349282383467485896852
403788688534374904328539404510275413283415491291396314872825385545328538476542658490416422
321620602293701786364314575559426678435282509847584918543811740337344429477910692708733831
570319724336325892612261668933455685446619752449304647697931588523834728439420385851615773
743809863584771316868948693542799914490328276524454543442386258565461586714434751666598325
965845879531478431744993675367428388795559376908186933739405482977800480648990728266598648
889618756303716799498437405791518660780416745643440982774812945537386743568840385369271375
767945680667566793304304774818763876672736675528502922285486674265857512836852479584513436
694378710723397282787488711447714638826423514318385506325320612701548465959536766528586592
566938960412399614773573801428280679993919489997540567618783966272758673468790656972275630
460348503747927892875578856845577637748716986507625703839429317435963817887536933614387560
769718490739399622351958521920658883966889905710857294396424511610593559820596642534661534
959771805774403349322955308834446522279454461913848868846941699579979297657398669755964990
505812827682321870938854394439338653388468700474326787477505759782352296566755641356362852
886965866743260957578287505714292884982954748416299652988775405260371613656485417936876719
478899468828778448488583571533953948432306557389354362481284837601819787769482473412928703
620583554619939540902609792479329368875675351341294314358358334731432401534873671378412404
605531690666471369562363745914260600664677267291259458739635877416400638933374694965372378
505275310640323373537772356267542914458950894619900358543531571308803604679266488613471921
661962311920993323927984270290336261335323856540457638931686711634817997770572306806484387
394925447551677881877428337858346436399920739991389260718465857343759267316502352763392901
810577659360517664496543257821660480263746650363905881692726267281732822487751309516666829
355794536350361583782850331560544272672268660637435364399880595312810571536477489366274422
453463386707984712638447688496282472509982308787609710526727520634471811612681747294356835
658953535427384901825813561937558825271481905656878924309511287555590521825631762540846924
786603571600273775565428274384646322885388505436344380256713981950984444394837321825470327
257650668950888387910762769535267871603648326402647497285783904618489953344399561421687896
732334954974304385832648907420692814343813991287575614658487539619974268309986698915912676
657733742262579487357386698966404840311746419322595803265552329931917738470349778831939520
468846503503442943635835983913298300652910496687532544682618958969501552819805905961991504
573947632921808735277292720958402564572273659940818808759341520759671997738649510673674910
375633974586369261682350405602389450359648916460712523540965581579518383987708917739344447
294899450777884772494875622831822408466869598502415562884300520754666439350670953876761332
918739383958817912270355718466354910935667809539978449759530470932846500373591976715837701
312894435876569292551873654867586543581369815713505699786466406875576777886935650619907307
869916582556442270820288515724424722615581454302395342471673473530842940957439267843423339
835657902394678908590715729271654567740761632556431589342608303674600411376319749819787831
608567260848269378312597274691467884453541468302532687867541896326508319971386771478878599
325597876347270433796709274265466268441958325262977831483618784456874957461319695658666599
706608332845313324536713328711851973519985390523952684698937566276547405602512269627663957
347312814944860924509343972267586258438587368712900280578929292371605920262681551294590256
264333753374758498983372644962596330314278283763684597638519675519561562927410600946915663
404274982842429569739402894644940678304685535480491722987300478965635308543866332586818310
623709923268501276858759477949466333358790616955305974684890911852357813831612262944941676
692576264341756969397686814641506945976993419766354584848364835768921997797432654286681351
589578410737728333938347620736573428678964323500296498716504940722808704975425883281460432
874547278601642588549323470321855884359975339826326728268507605510672842831887873959891761
723871586398659648566807870715967998584563464372928257827545897852331554925843657512775476
647753634508743785932332547987929305346318826765811394572459668884906958287728812258409864
430424295816605868440477906761538832418793819564844850701487777670346339449391560693500777
859395820861508617491879802371269563893795548314721939258754977871652861393616848544723783
508990925409775896656263976783845482282277401666828551645735594407428619994893675259793570
561311440988552511485804882336689270975831441977443584504641845456320817555386372609634479
917939982542889455815945716607635620930524705296541857422745920943307900494893858864331857
450740366477646389308665474649736322378510925498292850691920811547625286477938915387999670
357975910495262302972500261712916706890407492346702819318831770445435908345854983682928801
923385478926476351642487906823435625850538891892377699424440722296818821636802695602755379
422529423811323650736457572647810593544949869988536710709359670911750614858637699696819742
821980256590369688600335867556670701584733919273760887601920681461652432595523921635898947
946766586431652892417532305883481975610333943499320394713503956686625610353725974555494657
526398654346260558511386612719799840415814535879426992623500492716339879377402605712673953
400511571362312685484761637389952493408947740801420690769686532472268885797422779390389793
963522397264630610458839662805450656393883370699432365364369561807643645911629396265927994
267605540864675732465749638924454838840839500363544296963855329741992481505275732298259850
795865790701316395577429269306646301707833505650360374523550395765807271622258330652603890
629502334637356683958441466893361476475407854978666951610609924738316803692852759606666955
336435837705987911685506612366819285334857442340969752292565949447407372303980555387602598
754258450977947406695431582469256328747578616831769806276420440717819564315402770848889433
753501804447411868605915990394300663310494431782493386595819319488594729267266575894784669
545645971833729413774631312582883759878592403448767781792380896528873596405597999967991372
527546560840333861556836299837651815614472698472824267961892790763897527502828866786911916
493560985477731279564261278975707900950380376841400490428302775857518468626589290977469707
730538290893826596837845625964637852443298366307712922551982686391734520279467667832301743
473375405505518657921857568743412259374643543723648795868526990574995759274683348318622828
708857690748906751783561855908368284922454357261269969897535311440346456865860551430857844
729398860672662544992412902788842884993423886864459607362950692684427597970664807642737592
387310690581778405280679870924335711842909268731284397338543539678436839458668642256428514
453693684452922332597588590706821386785287611782448531323335411754891928394411315837841667
438745896559414791268843943962321651768754788891684587888967632598771350490364658918609537
324306369318955611997574593384522301784802761336921385561748571560352661297350647289563293
630334788509959420942870735895406479580883537936917621256275806790817626913655414656922658
511759980295817513753689562882273314569374638505657484793630444414866503742456801424854938
516737270530434758431805341850787573817327528615347301524365437399316571791560343874936256
807956602696426569433322615698829307713555298615670860800848483538877912334719918341794540
558308265324890406311386834713797562260893548375888416414854812686983727340508541743984404
457616742970801693837658573703307681983522640885326678330846942841831979398578318402925354
926686763700662427590683301850725360642499348824266357294346568692685688337685489748671720
478661372369362890725601768669385575606851822686490907387774743513937588658660636849884466
860434910732549911629319702625822314739655532620954932674886874302534593472676317921401885
441481626468877288429341937337999925860751779639894714442683708993555471273436393682292448
323268287988853289804348497377808438417782348258335948454939798666285456703368472445838931
848621513397346493899635464352759349767333774557752536494753777676464872743293531694627383
744558522795316701512805574479454661415971404709562368926516910489432622976962311327313565
728612900385914770552879534313822876888793705867342463700457873780267843545993665859707863
962448711524486763484456726354812848857812273815490714674814786980476717658439855669454779
523822835827850891493352459477892883419585712672519688954884322676757515661341984406434975
906707711531888303838447635292493734728434510530976698985547820755312396496691266794955943
813731950800567977364579547834911375478625280628475774504367883416675439532475369597545583
817307374408509492613270836470978580376611300957903987978652994937392861790469397475461304
933918520685825525347756448708775518921423561754530825421805487581605735458844612922451336
747847939835554850476971600605507407708350510631900747322634386454912356392304559982673733
420405695681746677747916344512996471283736395688490747287621711838880655789617526299367282
968913446893551500502559734584775956507567464553637335934261314570646874695437546775414311
860517260510259780575808550502607542481335907913780290819785885954508473661502692499519846
488848405362779948773633463417344763276337975412854818278279359611415504452348770599641797
646500470304703876462870665385443337539848486895773985557770755752329450643413597986788407
711556338516789291271763258846571296328414795959318532940325698791701532821728961723295310
835934914696773718475742757735454827779594980622745638815823413266776477596384705326904878
474340533338742495685319435409797631916754591571761302408581613751432321626698949591574635
730767552943629677469389510681974522468434764620850834345567780914693716974909632286519953
646866686466735475337693411489781835979453722736470706702537286941905401384779351823634345
684972356990471908799321816693371783696607276256777413416526490749990644323301988576943829
520564311963352402358281526698650923763766602974678426895432393925381570659815976972678908
984756990923498383972484291276341360447865934761938870526345890408762419653872844960357891
725315670498797612563797893662633626640958924955661430625883571642301558831639691786290803
483328762750266448863849919862439605888517561421431770343464846440379532995860395813398325
871823676735926806633641402453927411607369826935659663851373623732829386866539271397713610
302969312760950608466281963817668526659267795735317506566592293356729845515537327953525616
470938361470726525377463261465428679699392605755427755832443551470847585701915435404319466
503578846467447505972562843549307894744328697420831393777686435753288501904613843999277837
578949870584359524262372352904579991375757753892380570320729272656869352795354310285605744
631654809505297778310493941542267411521621853485852872493612965944401996688344596360499526
637694439892436856662680740852880452848669445468793551917860794528581827653530479783261656
342595557811595320764767530392294438677942750390493727615457643259449362992957332260834603
433526376731632674286804640822727506739591827929857424652905526883816882852993675843560534
503708787895513527665602958962478949424702497567338961722767421878620812305329441638983963
516641687551659315920462554733801413514359852770280563750262411736896665417797679418864462
648538552818593854608815842639298291573496746645269334723475658661297810346376814455600935
684704893684293728606558443535601462930756689712307886276981942325848287297949387348284620
809996424712304321640347447660414690793726430294723559746381417405261874679845779575441725
917467380611364648310450748306492788355812931682980278585805571816404866868705614941686977
564482524779588931756406436429406918296436499878510503784832401490386439290727977924467753
307465744350543697793972730946428390361657281380997639995952957280569808784324838307835385
811935509861378719741615449470371604341863606769644554872637561270689741521983419407350487
727763860967676791915479801797564691744526812357333398429359884419918911784508647298960910
607752650663986661545325500500603915878969387600537568310831531629630662936849687754681293
332978358402924322978370750583712612693532947632918797638607979991912588284280865686907522
505469273484886684752552700635563569832481706498671369924457280347738569994940307406795536
414824400863691523609423691375947534302869489680951825261813454739663980362351973444586379
786815926744733348896375278761841800761680928852998967460976396559483565276551914514347871
505617442982954427348328281608925410708604892448873513935978433336331328339927741835355585
351976699459902698458526343438673416506767741473739604480278828365430365653613518456948270
755335621333516667324431482354602373687342405799342647691907681983587606699976279260481854
306465809857515377888896707752736684973425682739958290513974937874377334850310972827325441
352594683985447626614431676336777340344781394710460399890308749405454728690700783373928768
733630573727355286414667690606658766945855266828681588880590654879573400651310486729544397
856784792717261444789542559982841428990865283851699823823496437343749329518335272394257546
943501257842597330950277957765531893573625358384374280891402388992969859970772318533891484
990435321340362432462579855264774522671296305640506787420721639332890498886423583390258272
705502978452543549879535512773477548995862848378825790553860724595472480641669508668921775
479451402442271971520644649556471536956661324968980782703889406702401967541935952787875381
730325475474295945841437348835717665370615380486891941984693581552653681487391438346616527
522644621472999548618349980750410306897596706907692665531312927840961425402594536338687391
987673621502272940952432516845304919671879981861546893648953858459603489915620516478611416
701771839305636991284390410607943683477590908464655441291267870258665512801564704836342884
487451646329331864863428494975859664309712916775370816334604898490890571647883277264865656
567350526534513597697733685305714436412842725671627298609608702730314582859682894290368557
738773325499505511869598403420745948910747363785296891976627312589954276513534452485779404
855429897694424914866394812759415487827342818579780715490453465457731744930923585448941272
538267476745564337819890427966580318727406911580497599737553287745849910888618475722423602
763948797568606871414331500629979850624867798583916363322772970726943271789498400573460344
878965935716793663936679356272540388907457866410911843641335413824763914515817859686267990
280570380886992877507995543510482881636562902918892996749590620417262889977484479395546490
857920736722670468316654751482642581706402296456931960327921386641947305766857564586633529
654922837641414999823635392387458799819575595849960972367678880500724787277898499651711494
877313674700738678431532374406563451865419663905875311865781537272404589388504968704357688
980822950346815328766267440836402315652353944752841446650320513865768465515548999610272614
944300853976354889495404282467773515339804811262465560635403774756882323558872284857723629
316683891797704510688959738868442764304577917800800475265978877927695892342533452793507704
661814406810567535742675743578810424332325454997598945944340475307370894708624676592877924
740973999633684867769592865934695985984622726925448454379320300329418887683836668398643364
406804974719333421758263854947721886546562293451591387951705604783965588925547714869375581
894745918901523522373978753678779574680871967619415786470348439742928348656408890592366275
892274874401287426817830430381314791346696770546627958817841853814693793473873370865697601
689260841772391860880540945472267660771872871780544610385817781761721855572571400320315943
637837494937324285615647394304814580903515798861338676616259984754873678750977385674718817
497544989388582737567748806752729261787502398869437864644709663773926995877695746467501460
995543743710802699731456770683432620675987753604982941844352898465596365487709894315983879
890561513678920302592358577807359889729276697352877790748448508517573745421376711448387289
754778843387841635584315740493693891671654501401462626300699409514572862614491288495351310
398926831339374273409915312932847673868579881842280372273901491829569292680446270597730860
446514737594895929315837430945985258738957810847805475728937455854600873670475958798804469
854624894680333351877409368292591820278674924397289577914940479394930980440473356296452833
462717430435932781750589258521317872879995504498270950954983307706861620975770673901277663
979887793827696624547786961831517333681566624684266719540401896554814648391641657810956981
850783726982498743864337581505485462340282583661694897438748720362556596879627612801963584
505627462931703762634396779566799346490389678448259820682981658310449317638543775719959426
400944324858549935950368327916786668364778605422323511787301725541470782661783951898582402
509880703803424270457336661747854811285284738500394566593629276853551814655759697702920407
568897657618833712943623659966721428989525949694582731263259539270658860932268277737806974
291855277267535848822677470720962785477674710484446413513772325778514961532842862815622543
369734760893776591813958610383521873377554647396636811490637610444939390725282840955875801
387669777512352465393459977834544360511870908273468930905490941466335480459844716931312903
599849724817306374632954308290520370578349371357352270973583975433777492872875605670516634
775784948942810858340471706315668402319673411838359892925993278524363777759622962904867548
498838735642567685289501620300345284600753472975541313322746945753954447312607309324354818
532700670707312931630481411620632370315397644869562948541885631307853344478369432836545538
474748891684900985406953904673905313435345652365906704843963493707322974481418461386742574
789575812545949870585593562441465866743841933339631412892938644316371714635518975528452608
912381484400707538746382732864739597823926586827611917386305264486668838365391553526950588
839546447501542876566259412429276281295841318674956562642303503810529894280277634418713651
271297744910538764420475304318891387775573869966592511581554509698298860966498926750511301
805477305964559386888675585350937757385762860335526491608745891999508658754867681678816264
868645876832629839946783451441711676412324660384558749739439528352280701714293942271862388
944795709407593822398294545464588683278889786396889488582329902837561396453637886713581472
507554888925653294916258636497552610961856862859704915608791326262476630749930315269545673
557522542464741573648383758779766776567509835830415761721963624969510272571761933323467742
739851644429663301999703842913521472531651568470550418385385613273397826793614508741911723
435820776872395941849886401981417283611575611540849465961588369866609920802657562537523607
777305565455358973954528814629656604325675884463457442648437823385399650562281399300644656
931842704603371821406894369741394851933791996473278264771277692798317750434571809536799610
736298735990910616793811359427984592868876726777987260351682959421703883300326777929969507
325659752988887683331789695418863902660802504751670676274816820773497939827561993389457991
429330502324855445288868676472977582689912536778718427569819754555493373484994266549858288
998904497360829829942909910741260778704991545399345260504621587533984599624481909691555675
867510700825788260431271309531453825671933845297365464596391731879390820776350265849344858
849565777725271971267512648487480581809287966760771990514394488526438811706533770701733734
281795834511790997462380698393360714781936350388997375883312941816474420752759611919708732
593586732659845293438939623308624597437368795959531673441811968706520354538382814427948676
864544495936477330684423610551433385672840926518775568781570264367966367298641901863583665
497867688557763735473684854598578497320898882626658336754744274416637814442337977370674745
856982510351616999654339750590268566402336578805435939767432577510627447538395473636577684
421284483962508324336835776959482794825438549655679390557920946424877781606713511399509293
477339439509485377957868966598493580456544277447959933992397903674361411505976684438397769
636538477721717583902973924654727948715480538355911881289560977588597551974400846264348538
982353300751741639336561807266382558462669926774288495548725558786534738947605649666654497
803377617320936529955972774599743391473761422808864611512400849945815908799311897992566807
736390411659952323604474411574466370876782970274958808893789533513928527661591661568862311
926476644314750555951797707914508550718877825700915364415790337598857580815876990893900901
785840559294761568935967770979259829747534636517421467922727663290454810817371648735443257
335563620553440723849591325538608840740665862361439993651644460308902915910895865586795962
985372339581998955689379274582662778490963735884906437480768329665529548583982900893591964
669563265315607655359969742477652342962956979379423695774806459605385617577624284783448491
642822707349540539324700454669445544488520772622358544300686665404316373906989798317541573
414525366514821836668369263341873752594266427339640827917565836443976965553494594363909838
860992454935852848512317935877602833456691682772499705536316556804827815905691522604872739
592629411688877413710458668574631511413466377810552902532812694841940717398409948761613635
506394871273388831982681974797333862273579321571718809754355749881407752950589473462385870
906589830321466908609871544556507908363270294505878556949721845795315629726680750493941965
893891762503733434515579760449751604534560569258665708379564596559865437541888651479826907
495699687510820595774430555458346740860547420590768701698464312602836896752731830956948812
463559383427736520729859776833642831303780985577338464527562531410564594325650698586760592
714470877392896323759590771838582499683991347669621618402484591259557780782625890274946444
867713816560349289283566613935708334263271690806962501315522727456766481301561414622755656
275594637556832705704441543622376456297300500854487982369968557453933786971459462565441971
598722639414407976630635583671754958618268730940927891336540611425853708579777984878667725
819341872436815773472490656473803685264465627726321749889416272431428329470982527837380287
397559343388796263670675377439908467984517575773541863779932390792357635973451863568770405
877614840567421975511812390772634660856905813403724329687990289349478351386428544962838963
684536696971972827841787441450649378898554271733762857283567365279908315843655515322674991
836489946705256568529534939364848519733620562337263813753685318365535480520655577279591470
489343703999433277622328930689952851820344558325289996765686495406807350744896612408605697
413745937660624626753895650964427290582712426599661291740700450713763643487704696983832961
354439922261268815756869533876266506616882715802827908869291762339540692382703598635524910
435422558602364798862675302459325952961929467885871705846614656741953304635893851318633270
502812659842299871319749617591487576988525513848975517555467429471426819728448660296732830
966504946969591738923936753401892320287584775801552284311960795275564808747499776961781975
637608464800809694655449481605460716505379524641792675910425323726659330412615287542492462
755757969322977893930373343982997849672804323595707783961983856588582401653902583546628428
807974961956583968854454768720581814295568669795607340524928647757524573783874350341634891
856954507436629889856584551424536731349320390982268427770429774330948361282979376266677711
482480516308921277735773996829983812540280905432433537269800811755772938480349295726593719
430967515986519756379534372337991356577917709681545743258416855365702327390519271509279708
727486411725390991525628761363754599280270690477303964689772400556923768707477814857667586
915954542347325513268654962626840960477622316851800999793286263670808327571977395814261505
647436998927633537309703729626782654968496639405638692581590734542679626488869803523820571
313374299377716777745841431639648386597542516392471984323482674866505961579457308938442695
932879525584518978656529514862365928470501802965696618594259373288664666527339449876780360
660715869533659468639799991956381494744703455598625828882387515909338736974357425942709472
776708781792972876872261743270861914474563977283601503340780327531769633328665464383597692
746332889948957899992446612734406557906815414691974300753819691973796839782440984906932740
996422355648288721562478957973656785626366783338790314824266893714262488477576641470656825
623632848890630499451822505571754914892429723387588781366632661306884362488671706658822471
949988587555779740570787905902507918625332501988631476980915907797711836386593421468993818
610460561814791839667585571669354322295968374758569267404747503450289979784951454491618873
911672428823450873899379661590895865976688974331985765928562645617548729674407700709858398
520642699974633373277908480759892469326459995382639900473668903482900264821380508814895630
558627474365556587495544976276894892626413962585837446585984344707988360460795950840831384
980637611370974781860346340843815802673773587717548853538973544776328901993392840868794902
626544726670551510591535354401902442573898750953986844614429321662805572745357603471263944
930371523283485740919664792807459726634697723279960710502917670788608286800669591466871930
977287359937752341307427767878527469846333632414279403430875635407764468735380851696272864
687516385845343534760878739799557533670347410375835976302632403887589742509428828618381625
805774874484965901995531505822824560778415469973651758859491893534540497517651532665886854
783477977539286702293811277468448375759568758496874529323646284776603876624924487627381729
798862280961633363273406583748636411987739271360624894609410678646606394492348957972389878
342435542270881574442732412626573864935518589292895812491773616562483713689522939649715792
755955472757576899645335349778364851973891481798807637263285558411507954894470577586865607
948607804303548435921372265512451560442332440673262302314925709638670477398267847469292787
863891332373385496960972431784903516577548866335659885645970294548946771789752706710812646
300336565735771373619956805632717442739470782554465606457965758504340535585772922517642384
790464680357654794550501266807636553581679614728556329776503506943278304492666366304484628
607710722721474257604979306486458923931607309946951842438358652304792487669944485489353887
821553317642339341947258319713267293696947747675941783332937851596727474482370654812673533
538934486818824753692790851375478853655713974967281602756493974307369891633375965394795881
903721896644371416780800656259792336825604778424382391643349864514982655873835862872892480
826747318460870384831372321453315684358430886554545669353742834331573971936592984559353443
331461888800333409545744501779677957814819629304865701683455651442870443377678992739848958
957397638796718858343708506547487267991280680644928926500892900866763953618774675781390828
405391934600804502514485318883404996573858530358509766962785328702473625725445315263665416
882712823489534603677476495970614680677340819359337379400505922454915991502784651310521757
407720663820911994328956650303654809473343743619360573615679554637271645779440409661445690
780835842859399556409729467983795469683289436334352474872801511869564372453458445450563661
444668686977265933509615496994872464923288846316472490377776533478339375388461333265746562
640826760860406741671596866269755962866764835477792679529861822780834486994661759550761332
558759385304804259629580889849687796797691477934750715791731528499496412918949588932801430
389358671970575735491696483883310805835909574622446697443364926266539895601511292696941731
305732604697415769444884881323840442584592361557887495926643792855466567401676317280983625
864477695834977783418746490400544682362326794726668440352708370380302836407443271904758877
950569790709974670843724338340281772295566673494266917933979740860555588756415986632621892
928262330800893772554498331846511324894532676478543316811564418720600739638796386397870955
921893565880428751884662782850834675801271849304364586688770978905953871972726317325632953
999618754522931417666895737826698437450348386666418610726345561866904676694370862917952896
445480424952358330589597924348849658428937781711697743906597874545541964656870698789358422
922504432600524883626598283542344613914910285807515632371968397675362327590312989759540283
940569831871503922469778304310578734786576451322811445361452794506853876566351582733571801
801362781858726938678691323528818773412469799620281635770837727417681819515884311927816821
837520534949641308471973591629599784875509320699941973457625535905329771507528622261602340
489741607295879830280475307903665483527671917732613373345983616736450991937569425874418328
618804810515567355664526265477860325500492955886323605505393927816519468870579402371617950
529305588456869732495713393881982384349934428804755289751868394326610358776402896664757680
321556567307386426384464389532452352351334920948264333849869733947608507868540779704279352
865553784271651829549927400576301655999669656576274890493268975981877725341602332383543550
751348427862952958871914500509457528347378551777674958600616650327371686324257492598470924
498720865677451311781487943973678708408570914346707634647598585258875409870574835419740488
310402730415678817927556283311799592394462935400810442637731737719990605671935506767640767
525879259788400971674769927356977327608979330387526994815827697314411971756690823407706868
385561956822917369329819874823374326841614991904770546829655724938263994998409719783304594
270824335711956283576646562307875762510436600389444268748627288933284906971877977884831348
794735700497735707289573355781344760816747833672534861389877369320604818335927466781389948
533660982864552904874946537494582402526739303896680392450838733713337609745801400814469964
971363802906713858393439565772321864351373933686491302998847576697826287921800805412935487
905278518332438430870403505946323427364290975767907300406707347449417595608996367935851421
555641903707829940717411456652256598984959573809697516775571885687766640770346442698937672
687748883634727941954265559532563845642338535592271314758963528789526440427784713983404622
993588561807429268925544304377806283343335314850805951850794476680914952750805614687740541
493565664685562762558283908594455874511464601787718450941835433396707879261632624984985333
867454287971256578947752479788704781444782845404883395265604755580614544788598407265814908
968537417967269735338604429294615640653423436648263573465918590477525665744604879258911394
272821606820963467368391524895592848938713556400363352277917279778344589989501587914769939
902349550298834440532936919292675630833391988668489818992825994869553981338711547380926798
358865352846636428977356639958822451796446916813817369317343701746560287876818687923832638
637476319265808799893976888911865803367577380585749632632738890930640862746581443442373618
566257649937721459344295499709305444314267511292908697338534624340946835394316815817720655
710678757858640276580908615755268878618793741410865280358588675919985327909459532595496698
859654817622416476393631570907695835465704876324942278829649538401348375619652919942882738
925765736421710406639896590425713722779691282496671545257504927957482985517291508923525704
474915548544450325869922695312815936488681863470479485983999771398600435434733411731563704
814365648986901599761914495960990292721397614452351490264586738300772435651626824788446948
382748757400906724651315732653417309275295639936552734824849307352999326300460666761673759
320843944688448480908984258320769552986815469548879820659682813484729599413923931318348774
657585275364528643805480413579858638634794889926515651487275814711434878774754514760535658
282775402340308589494772482928899792362511622516616839835597635801705288987275887852799586
873964661706429981315524840274404666675397900641697768911393535490769948312370297741528741
685731499729947939563807421787396289307653592538827408550951653870740453890463576823870519
623966905280490833446817764297750781934296674507265870303486594648887287685713304908526998
391713998860631893700628575360656428637518305642388444442345373432904904851769680397274502
554499260999982540734398655430607670721449262394632797526429340419733929357483883497801964
908321661877925720925861527707639463303804719289978409330769897998384262666260406485312713
508907468256379815368927940573658292735746497782509931617316449479491549666333906644868981
740268689304809377368426974639570368972981790416891313327504888699775798338997326941479617
359794578764667355367984478532949737868412793810571956264694493974824520598316608977852981
426993628457938736619865716620975637819603720298881446852683599935569891831800394482872381
629588273598672878539420444893665962971811425894786666367874962583965765932965972303730502
542630838993640371704717480766321335962737768778583555938558568523987655522853813902924340
602624995654375847826952350635268404693939990990664684461711853897811762436914966981986891
861819426384438510638917298465760294726974963822872858688555343557798722383422814336976633
689296304958753772861718820780373659952749395743599319767977520698875884366299675921943467
518518687265860918425622299289830913871601286329303310431594371374351784990341374702820414
647276875553569558973651085636907901681510675957390381736316405937821987424619499817484602
944779908875392273686293534422883890845838809684716282572779429822513712843468775346627360
727681408650490753826904572363464772608766490278342418437429855827405882406757519795413844
272414989795693540924861498935509825997432373550650814768893404973739352564523693491783699
400582637601673297288715529964263803311719893382555992967697855320634524376979913687697428
861935427851374378783777925737519636753314530288558649838813728680694866600456450897761383
867406375793784760589886991807609681877443543730861429886272422353616380708890908640748974
324715913981876770790610353284602541967308881338452334977822796424636947923775858748695569
408639291918349540871943395979591432451551648656567473598599792489909287308751693930775612
425667584644820527723786714285471517717367529850815611878707611644927769718546984444773874
817694405815603809738996585508979624313612657384760839407351284303772798370292402376437923
350928345922971540261926626797315688277381545579830341484936510525522785369405286559599569
492438371488642796637893808361905382440878704385989469827398358666736863610797701269563543
874890903845462705582924371544927819827636884961819957964347506439714660995469719821822829
275408608602860653479658666273627261319369651772400871719661508496536432860370472521286642
923519550950814657671906776411552304788870520294272873656496601456301329878974788444515472
772713677265942988929869670829413532483371287664676981266899832518996588284448965301844812
271387421742759724442899265998295362765315684740655431957961902633587451961642700437788412
834456682479368683827462910384381521340647389647925582321490943606582546983596917537339560
694729806333497847514433661259281879948830921979490367287631748884432798427621383459472944
926660625877535542641645799461754914834722263915377406902998826799858277429306861853956324
882931533742278668672638594419428383843486533915418678307267719498265975574981607774620443
482792272990572993954273366898905904997707874652922656744708378952602596494504818784665752
399899713266936309316500880582283771686524885294649598336504372755757345805921635838728587
399315745399303806460914550623402770592514497518990707420778673509982625266633879749705932
264318683667872979559780887845696360663515634765955576973321906892974776807512678423298949
264260771989935955644296973352953908600837977919265824784616905534537302854713728781774435
771896961536517986478474504675887453418456266306861394636832263518865998315842404705883434
274457544782341925837729832316854497602457859787524489750423695427388777716983676911272996
441989959941800398722871553817758739874645439502697554903461687331582547739382825940780889
447756530852552335337323395890259371405961495730729277828285674391664436726971506817726518
945573721312663314920769853332640567837757451615342696507979769390813264425922405265449589
948494826509579587557757829549503965276462666576667659358395850745934849952270930890943386
569348570418734536779494644352803966304814814475467508916745858826964703648334972641802580
910309956763905920924751646467544335712641294693639642886907839494788354405780792732554928
401798443999582571449981320423758971693327540478358557533615265319478963637788748912694690
405952872297538899741779431608631817615457442524582616479327459826785886332335320997742944
415505691455407786299535503855873714986763958936804364343541448895997853657545869968976386
582727980509400417363968325598524320560954936595316350689343600877487859496960638288719996
994317409389338379614852408424328977357528914725669323674759772309441894584877601831309457
276998412525492802667868524269543723664700406670387344661966673335841911445666752772804735
502934270444293907843510982512330526343754321311350670933936777868907432314772832448727543
624639699783525270796538285282351709604716608433310700728545541775294379472933429543551969
602811478998334300396433929586906414543566352910742876536641988691829754348771398989667452
275944900486515751289284874633711717793447691860472869779294585458702869689350615368572695
567260362725602561373713848741929472546894354564314749697446618484691679962868533491636525
571713988906507924566662612460587524732545793387631929297616451902933872660869758605774643
588643671596343372307482441984616604655873606741760689321483339637628466551908462883981415
492552757806820274700901772874972696396789314963893958877435413380304278356495710430275819
426780754683445881537985662778800832538256352858848332537525582919835915272958633658577953
706411914760673616787552484431355430546920805928471701730748301777855643259872773706725257
385441971837688324354600318283502779635527500859664769463311649825973382997459558776982919
681483304924978771650640305316387979819470260274766758768478817747537500264521789727286382
807647334904974675625792369832290812355855454362678349514298811497335840504479307584618876
997809949743708597514696763547961868598655407679284370595819601331724532536765466390470754
289648351911896759404964637996637565725922528469836267333776391730425954557748581600710838
764301265781295533843483363543306756708530636915771957771382978730782865914501554918570556
410437973536856904541970805935624425742920465726345993777360803342613673910722267682672506
552648790471716508850593418411668321987921931278877680324697769292597288944470350906288745
276413473555293810441325794610914723430606384664776656344978475556970605405660563711556478
269752262459310410349480368942514612943288617872888337699398496795412884265377538365612478
536459721578899761385279920646368419532768502423663533753659694670287825675768268592272349
964504905812600580600324380587682343765774700576292812448512294540305799674441405963635299
670652308567680595673970828282775481382580355890509854776348531874501639286494574996420269
525395886622880790954524369626781632743855422441557769317705687383343886359406714756427377
521289983911611817743894578522768553437869700857863818827764547610923728284744307525788522
752398704692821699469610376383953422343839816808581537870880951991314519449300281515668328
297925884987327618862297375462528400594863554764702851524711576693548934710340568934773750
273607529820868508438270931503303645262564294649465590999952260766899297994724828628444964
897307473659905671572732339457760399496909380458291985485562337504917383571459830366677474
263892588315412726259684466841284836321767383326352553598985335830540658320696790635291644
552797846321624882670898540602362537651573359994648299631347775786922826378862370428390845
809494601377486274636960392951285435567369544680870627280315694410629405448304657804485405
864744983509572257885494270641563366917637988750310578510370510585981894355997382567577304
889805417383915686485891642656541649766767594972435425524810660295743400570969869357447685
967879887832850402791582762973821266906537590366878314554326404718743463628399976688601510
500573264803299807500920378408293908295988990792488489960356298917890785423994837549474791
662603357557354767330724749621950816650517946966262653576395977572977476459685504834294558
504476519402557365693794918480820477698642813655400497875592375452325809350996805508299424
298460367557561259328549800316491291946972743785268545582447278505964304616341289881792668
383836643651280857378513951363698678374551510994921837798506816853381327621937631832491481
278526334871386616909767955338380294805374460388842632962357280408803456533833329977399559
567364389906373282300824846728344495702322522897272873755445363332801540793885365904537619
984716820529278849963961286346973928699322891586717865951965457914682366599431461611584928
333534754756983540745506357867711600828931595857923757455749738353439586581513315842949984
977443533957747608631592622500521792942369363971949707854338607347319986547367720318513724
390566834420998965566847519536770721594892303664401466692293841635943915901605729553660285
867321783793296532370916400821392575832803945381708856304435817320596972394776262601485283
409545282741920682411326458613266684693650628785726396550935288885438445517286473795872668
725894672462923729650631389577395621915640746771998469816334678992953632459348777406700368
357329614537310650516329878472262375651806464365836780364452258348889871761268745258591586
903290743660551886677722472268762675741336539539890862763302404368316290331767400859450914
652412737601776985871631476929797773309763296801368577569532811368761294541344316510639595
765741539657873854332963732330470283396588930894596963807668392375666766621851969342629532
363555410643784606653562547639907741939806545631963647982409949314402441761550487518791767
483778756981988810648773395584416666816599812808356397315976563851276467326927826965415567
923960409559728722614677561601907969272497944533705257620504829391497601819946307499852377
669522813488604811728579384562272803960478987469985471938383392963881260504394563272319731
765549328485645699965598776882612516914688893756384365405952479485460363580622785468442897
524333271456548688744514550490927747975838554882454272995383677901541887301472456645389804
356484323716388695563475435585958924419490839555344274549349890813262803922866435590339768
988813577483564581692654573451797945961746739510520544448601711970323405938852999485494280
650560416691373758737372472315353354914330994408686355497893613791472480371875920775903379
467798909480529734532352810959813771279831261900392882543956811677929425930690280445817583
655993625750652855379832868671284278919452312935534492764535493340649896542414541259939951
846768967502900874545300722901885669402568564471645276966685630367704703350906274876774912
365262460454516374449811695264535750633401596920505486319607531917650507851776614984962694
787451533509404936844685375539648853419883998304329424848696479911330972866623581292417618
499978481831990875479488277848686492309541969507465656377760340302378844954672353510890908
315702733530756802855988483505686508416391303544597937992484573788314625265660779505781867
498630723708410419983636990779582677294641904481299442973259677373725257638962735560400948
493538577312394512959566376344414526385304806358337725484693750825748999963720308581782987
556489666642748687270908554969300320343338435533587609378937258860642564838364790684463911
501868976529502691464311844605266890811669968577912837681615335342827261492857392880553618
894467996504913801792864589404440830733457355732662968519882586451440309543294999446267279
860708446380755927596927963731687934378461497962865281571644764353928834857572856988420707
789559708285601446402475643667783406970623655267489887392899471608759449357867871841530729
387676751757992415299564928468913364757390708843268637505291809853757431379358818428493372
478623744460307312765721633870632663289821479862548783716988339927812563903342644619354518
769694590872535356338391384862791579418846366396895410551981738841360593274828335526556706
990820550344468301652912514934372701889721363371400461791899648342928343776306317480981614
825533414415891941349545727936519859468667517372929874622635916619543788338974353519594934
337838340645972918705806723746667899715691354806455517639976533897844276536935720489521484
483494337407261369989875793664657617892572765905562771848646641851364912492973315361524691
737788459764791526863612407759611609756720525572670461597739320757526282483279328897890356
256514736864678581445903795897663710440976366698975371506733961278471560280626992464287372
780381568446728402497566461912991299286699757414920668782958344688904379895360946261771959
352408561670547454301956402407644940578806354872315856529565312983361449821473336635994646
414839585682901558646308480290412802314941417444463597350758674420697541389565372824260317
330656903501590692789705594855767304894375860668876728834668797433431826720663394735510667
430456758775971618663343407308471259832268590962287834526903886492410875553607583773402943
483973615645688779601533883726476444477844895653785440605734985560975664787538303629661786
602549978726261827438588257555396618289908894502818457727612520527784949594529910482423359
431423902542754805574318283548290729608605402956732658860666679411955721575517480384800780
330558570940661773899632837732929424536530372694303971301272390464689437354353347321444894
890828719957774345845344345938868914443798843973291354728608975463509321291994572572548683
363469847588388341735715413424503783687981302943296966519957955833684370901806626311313962
410272615997806527697554568803337546403696368599470600349537969980749945762656594841796381
656516930575466383559257536260670751355304955809818423610449698531969315262997313491392605
350349351283598888361892418332411802287284386491463649289747735542555999592302863671454677
285904481497972999979928689567780512759342721809637700745619734338567403849528683971943581
549266770495932459351892577655724460387453457830550267409834790678966667558803657954837702
835783585799631293816610337383793284735884719571715288693813810568272701416649873517525364
545537485958755316861322360648604267908476561832912868977894749316956489271279847506557704
762416522493277784491947587573613609827829685494600553289684961892712414312440470937809595
607543662455501521564488643315615559349575814397937998755598349872651819655615474287988354
705437534503892745935917631847659993476550612564826784549333312306972945473993593775443867
694906590894322579861670420675833394389784853751505607587265394682977941543876916674532780
263667900537404591336955728857742501443997611320994675617278723869725259426832724852849384
705414392860325930376698675621630258954792902975750414776931673623659991256572925366989470
492701509908499868651982880982712632837876564561322301510354716735357341424826625486275477
793351847484598711699797370886982496305870606757678999826790949838688810311322412553633874
806575436962342503700388722344712438902698455695937575866302448515527404308529350940583942
339543693379621884591551604257770865607514932561420545821716673581846313277975996444837268
594414880516343452722469434463572441324929754266544806982729376795581833317810964936782543
525672861488750321782683940482576583469370851992442456665876445417437832916505392370445311
464919536703829984459424744453942920980924551694525812507280921561501534859398948269716675
877905267395343571409628674372634465908767665512958926282773517332795322372880475905402756
802583490691424550632365851814547853732306537911685641650979399420620539965314816428981662
421725494591427283443991400686596627697726327645465551577871990668968893589527368331875764
576512980633605789609666799771935503992982424940751427901479962422587884337862548901886696
757805438748736433771478995369341738310385283758315447420935441609375496736480421822394262
320346452615981427769540468969793262591855707725438565574496478368285655463834641802303884
896584425319752950512605332744955364836362545687311888775743282915948517446259957921988714
435980508875995732748761787314973804713438936535601819261779693288563311798970615791779639
285749324514562699836914715826839902420476729317400647708735636363363432496916421949470638
822353300748877430970908402474720878667897792483315746959900943611338862860964649965577583
907353972447532660973998574834908560906637646723631681530375964862781306887925759468855666
784886258545279300311779921536662883648826473284381908507652367401919921786785730430360451
402898865940362708301417331693890264483844426319560381722477627482554478281944763508892749
890741636626456475915459446294657633279423394620994777630479754740860978849757387613332942
402735911276318436922399713965937924404791983292715405666440977901933338955352499397883689
436348825332362309835316776542555609763796572815434630792289572701966980445888935769370728
793743560407579661316359438599941561392505270265384980453348452810413289431465711919937931
798408525795609380576557693307570849538287372537970896492576662808926706361802517369894394
502767377445336902736386402748395431473435298256594778325536425930264635727806915516983277
282972268346875476480936618401612766594903914768943940291883850472685450756392658668701296
677314865491886470438438792548393927763517775707656291280676932391809869567998647735817613
422750415313416293626472374936456806311875603548916483549813879476571716714867623323767767
758966290322851665651823613669958825942803560844701262869330377633846842297621344339857301
850285595741622270526372679397576534399927939421535626287791682789344506386993439807408356
585480751733788974395892799499329852735773694496402284532626493607359276526857378515693508
677864720739370389644805438921554371667728896385273561330424644488327256547897497680397451
428960538769286417508896707436876824755653996543483598963765485616590881285574435307638334
627861661880470449563597926583885567975337270657494819975812265848279896478266937349308868
651810257792273311733727483634824627985513674646799309789285361674921835596784257776951866
557394494949510672596932994547404806998985695988805807837810535970415211587656583916853890
517959885935754800436426506607872781855704971966492365530297974271585829772309285706585408
275942489446436641981702314752639762673789730772777747510806914273462700429690633362397354
798350327630971758344686431545790861346560829366867319694832330431499543657291766979646873
563358856793859432833560519476491712702874790930771395384921425957452560734449465781309854
519995514261349900895977386479335486588972305678787605967705631338693673973495437677906858
965505533886337430259764699369528576992813986305962457277524680344402759559849449660855792
929910547664268623937572883449297622587989630662554627556671997980384279272854881910899737
491678859528556813489792957658664689425898804517778257678295990724654445634320404670510710
346945542672819648754552754294584547431810686591558613355689427438995801666533388705796755
872377423545840402825686625412933278333549382551863377477620258993837314286913707728715881
948727298323772985454784329305268621670829759671966584937462281646710606448299923869866746
512718481258469717328306699996914643744798533813866806984991545514532894271528703595677441
288844590410668993377384274384901850256500876578362887430354333669851519846445994951372862
720450447832499565950465900361489963293368404913944428787739263271710638662341522678372553
577791849324435752753997851338634944643571843293624974603408462987442834548846902945852708
581455330857850306615266781443584693835406736598601553840541716610930784950332549873349613
913433804915446278561869509451772932353459879597336634612397805894900300512838277648481824
490261987803894440941377860832590578743434597259600830974686870952938378988959283643894377
625923884763967552761298849685385866545285527583917977588875545606909520377641434585569383
784769428542666464422554690282459435610497693444696434686278432421545447589489422411891826
599768783711320397979313352925357614758993707492621499695842592480879964843270320998727624
783913579844940812744469897262649546263318835285764981976453877826635981965425589866725522
884805482705975438795989621331977302739490376980669808731497979804265823552547539619798957
266843706843975937493565573458472421297958389938448289396707298414594439449921429533746759
428531486306695723486687942295344898514513376977717515523628491670447647647669743764744842
972832823637285653464441952978380514849868431609353425915277876758659586716740898516967383
376545440683669401790647324854555381581413797826821533539982368439662319399860384399537375
692476747905738788813915749306822986569475548874298896361448941479962268461809491932577954
344649912638474421344965336388286851973743497336640598760307599824724264643399555789957964
606315583573682755633453505774256642381381411820826885914597511738523351822854562862867952
692726454754558945647348528638875833712402308890967580767484418696279925973739802747498794
355445256916457512599347802340345426560615581678459597257570637409374681672374329543358626
418562298821392932443469504476668543270816824881986655898588337761720813859889589295788334
261311737354345503725557535585401503404305547316554355815475841492915473295618644754282988
693617513367531446683594885342654989316550609836959765826768606474553293937698591552944514
882918448676920906401906687457320683954284660884827273516696737927670613457837357679470430
420867391430424584365595314747724921537343952722676556470840290784865639882834429810606610
493336787593280444544421726297607979421981825368336932792684671572489553953365663865767592
784811468505704302364593804426571957944412848626859749701727693493366841696480767306635944
369353728341907646263421560525479584936924947572926887526989773894559970754683288561387429
741507304558557264949942459856603641503405879902270382721351665854746932997530267984535555
687670782778878431391403935998611838687795819375655902344711461775284574865709931531881658
929409285585400847365327267741697469438444804661898615616357365915479260655474919801882567
488462904877854674729634632564973788278614828815278291434476299651892778602728669803681795
483638326299268592725910288317292447616604827831332841444853982543666401952403469713557995
528754649532691420544782570952722692694450299534472585768730836356330371595590528296779988
593612755631716883559588565480355534834736940866307381808775370549755711458861979963260880
258703727467338615982687369910423865930788471575530640951994906828507443286850795878839326
592723999401401960341921966970524629408852607547875908697858618840445439691299754443598748
316752351888598768783601821277832442827819873307847271758391733975703938800755464335903825
767731870815734549840808497667881546758276845565791480975953748646439443314315358540721386
702903640428460910538980948686460378416382507887458779969895518976577294538522827571441699
770872871686927602815575517798691278721438539963657380597756754894991600922334295321968958
992818770965362543878725751471478313700894472813483764304633443865869628421682968785535476
997346922347644672725636842429836818281873745483460928640922904905769970487734713832620481
884307387856866709666867977553551394803764289659415932397793577375622576772520447720316744
671783932374899527916910738531861602565460868923509347748672256821954862782563290312696511
471953918538823756907292784762611880548326928882998875666764821859281356430940590480734724
898688480815705904553998340743879584278745541914754814370594461745487580431843925612971433
979874486685609388391686937256583552605338559326272365969682736552764365324438754996436931
417770895944386891705264768786301587860294563437900669607742556293298538521650275357464350
905806682543593969460474488849442653285770745509471517326345575725410840418882550494710560
915752655706766598605555860597784338834877672718633682995615817511997263698405616902823458
699497590607408581754918758270594387460313952756363870906649555309454473845942626797440499
912804931934677466552956634377724997730519260374534512754285540704501273883886490589630457
787464623457873282431619834486790394758484362300867388397721390871367394804301837434673709
285921940725808618572771889362977397446601386506933885401702751439948639565482399485993887
912721869837259280653379417689602420745923765637258817335498301296428723770537568634683358
841440336552668576800288352712339935471354932911685652467731586997964346770896479308652266
282448940623928456887335445643998450688598591620821586395498536883811491555520778951603490
731316407298903755544266582659363466932650316909996342291781518597348720825275690674618422
864877824747737395535770996318713914742262472947803445365484626863746774504632442800412504
868416407659965460686563420503696339937925435548864569451946856516291572889742643563453794
761864441622442973556376859775462650880742308568509662454269363660489463584549624795921280
816292603815667975374953883744980663838947855394399290541742712738303522584919296829915444
702586522886832807618522820653375876970701912757878519422326304905540445681857749264983992
415958412986621937570841809942856445468549734597562590748604716851901620434372272489739998
518520979654596529733658999300390585662593494851873851951834827443478827876495890743808508
274638968810715792426314967677445952474592627280935752607776279675257879878752688531982914
601779534654278688614489855973289796808457953788644530923550346425872915588268924395684796
860947998360624712524288952754512351297418793946484976339629377304730474844287648800958433
743792700379375333929545719657850518725287992646480669366918963679846679367797818884538870
372550846501600914964876699518963564998297297941455620871718440508785620582256450727419373
598287737706351871646357987748283898836941613827894513664738657764362877338922964475633978
905778565455919355421768433881365681576555945581535404717356848847599940332471409497453340
305549541323400280568822698808992362669261421325939944558582997601699863662934513987964736
641985788521586347560445826438615685966272783952883599689741663914787437796821310753645855
257812584758285578288505967432744262901398394363941371800589906372955559852802977376472929
578799817611990899914945264840906939588324807924978981259889680754973599294827320572392718
490679999664747862408997311775855335598529870524725613572350396562857952677660318472947367
717723460722621887833492533577526453659846729650814962526693510980480616553263645287733834
415602619729781316257443670852537878735357468814673423729970326553474628399467867714734430
728763696454832544402447381916938458516862557559692317624548857566680642981567565372496787
833436587646972751487619467501364354649341652853585700450361937699392605743355858636368540
576998368634507675419335323432702326876690534646569404861809579867911820420874327561843442
537436777755969628345784432811876772452263512478660400360823293807869329731383338620664375
687735490499799592390765294780337307857264652599801454475438308431709948460871628798415744
884800901518317321558878761805261649731821923260772477975368513568800440693958662838963583
823971636380967281728744565712647270919312317874934989411708366451578630935582759844514970
262377847931661709714969957927996723689462473310352991379869338814993846341270295895532406
721337886707514680574963394899561803953844510719551440365447467468741722661480860376898701
573421330657741688928663556804939300671758888512256807370812757891463702402418379581348981
419760678289292369809619317372995496687838960743741532851521762855366483895470528518806946
532847465393589336513810950312687918828460475856520315510674708967946751931871261433580809
375856552946908750892578811664359573525342532271742478413362989423811811695812571951841279
985454291924723693353816383417570275448415337270838820295941448536991664316904451303844500
564638828612795663526316516308313755812932456399930860885708478401622605691342518913895921
603260687719934560585701505437361518638339508630705961394390281263591330503494707750818592
456777449732261601443686886726634342856883920484506419822919940986610544945949295519610332
833505456477682402461731269465786583354919969948663298958537381637303402420284886566592309
605828461695764456917856918858785342930824286321560279587289413441475903440355822480728297
842903419961865290849733633922696655448818715457409994478805365941310510273510789905852960
898805961327602724449266270851658662948514553988872841658507607399262739728968445719650975
468882520702910519306645684443839743366348316301511981286836959437340806738323783982834977
995550743882652347454309443497962395796305278368931528741857439323715551717850736889701927
542776526825541965266626594484345419330535315636373574469735551453369932699618805267632529
358375427953832815803801601425723853559742902421514997830554755292660882743265678921954732
899442979731591709590860845957769988434482614513294957409433719844928867708285673440939714